CHROM	POS	mel	sim	sec
2L	12759	0.4295774647887324	0.29577464788732394	0.2746478873239437
2L	15211	0.48905109489051096	0.24817518248175183	0.26277372262773724
2L	32572	0.5131578947368421	0.23026315789473684	0.2565789473684211
2L	38843	0.5925925925925926	0.18518518518518517	0.2222222222222222
2L	52613	0.4294117647058823	0.28823529411764703	0.2823529411764706
2L	53888	0.5224719101123596	0.2808988764044944	0.19662921348314608
2L	61917	0.5123456790123457	0.25308641975308643	0.2345679012345679
2L	76029	0.5202312138728323	0.1907514450867052	0.28901734104046245
2L	101326	0.41798941798941797	0.30687830687830686	0.2751322751322751
2L	109383	0.5414012738853503	0.2229299363057325	0.2356687898089172
2L	120372	0.5235294117647059	0.23529411764705882	0.2411764705882353
2L	136754	0.46710526315789475	0.29605263157894735	0.23684210526315788
2L	137707	0.5116279069767442	0.25	0.23837209302325582
2L	154400	0.50920245398773	0.22699386503067484	0.26380368098159507
2L	165465	0.5355191256830601	0.18579234972677597	0.2786885245901639
2L	168490	0.5297029702970297	0.23267326732673269	0.2376237623762376
2L	188132	0.4050632911392405	0.3037974683544304	0.2911392405063291
2L	189663	0.5037037037037037	0.2518518518518518	0.24444444444444444
2L	195944	0.5714285714285714	0.23529411764705882	0.19327731092436976
2L	204570	0.5081967213114754	0.2459016393442623	0.2459016393442623
2L	207475	0.47058823529411764	0.29411764705882354	0.23529411764705882
2L	215123	0.48623853211009177	0.28440366972477066	0.22935779816513763
2L	219435	0.5405405405405406	0.25	0.20945945945945946
2L	231412	0.49214659685863876	0.29842931937172773	0.2094240837696335
2L	233260	0.541095890410959	0.22602739726027396	0.2328767123287671
2L	242761	0.6233766233766234	0.16883116883116883	0.2077922077922078
2L	242907	0.49693251533742333	0.26380368098159507	0.2392638036809816
2L	251060	0.574468085106383	0.19148936170212766	0.23404255319148937
2L	255991	0.4262295081967213	0.319672131147541	0.2540983606557377
2L	267910	0.44642857142857145	0.2976190476190476	0.25595238095238093
2L	268216	0.5255474452554745	0.25547445255474455	0.21897810218978103
2L	270717	0.57	0.26	0.17
2L	272009	0.5359477124183006	0.23529411764705882	0.22875816993464052
2L	283043	0.4645669291338583	0.25984251968503935	0.2755905511811024
2L	283152	0.5	0.23728813559322035	0.2627118644067797
2L	288410	0.5398230088495575	0.18584070796460178	0.2743362831858407
2L	293685	0.5371900826446281	0.19834710743801653	0.2644628099173554
2L	295251	0.553072625698324	0.2737430167597765	0.17318435754189945
2L	300155	0.6016260162601627	0.2032520325203252	0.1951219512195122
2L	305835	0.5416666666666666	0.18452380952380953	0.27380952380952384
2L	311627	0.4961832061068702	0.19083969465648856	0.31297709923664124
2L	317281	0.5109489051094891	0.25547445255474455	0.23357664233576642
2L	317959	0.4921875	0.2890625	0.21875
2L	330522	0.5673758865248227	0.24113475177304963	0.19148936170212766
2L	332906	0.4720496894409938	0.3105590062111801	0.21739130434782608
2L	333254	0.48598130841121495	0.14018691588785046	0.37383177570093457
2L	334511	0.46551724137931033	0.25	0.28448275862068967
2L	341631	0.5408805031446541	0.27672955974842767	0.18238993710691823
2L	344888	0.45614035087719296	0.2543859649122807	0.2894736842105263
2L	367149	0.509090909090909	0.2636363636363636	0.22727272727272727
2L	370239	0.6124031007751938	0.20930232558139536	0.17829457364341086
2L	372973	0.5087719298245614	0.2807017543859649	0.21052631578947367
2L	385326	0.5378151260504201	0.23529411764705882	0.226890756302521
2L	395180	0.48299319727891155	0.272108843537415	0.24489795918367346
2L	410631	0.49242424242424243	0.23484848484848486	0.2727272727272727
2L	412235	0.5067567567567568	0.25675675675675674	0.23648648648648649
2L	415154	0.464	0.176	0.36
2L	416018	0.4090909090909091	0.22727272727272727	0.36363636363636365
2L	416485	0.5294117647058824	0.20588235294117646	0.2647058823529412
2L	419307	0.42063492063492064	0.2777777777777778	0.30158730158730157
2L	420854	0.5396825396825397	0.20634920634920634	0.25396825396825395
2L	421513	0.5267857142857143	0.25892857142857145	0.21428571428571427
2L	422457	0.6938775510204082	0.0	0.30612244897959184
2L	430251	0.638095238095238	0.2	0.1619047619047619
2L	435170	0.5590551181102362	0.2204724409448819	0.2204724409448819
2L	436827	0.51875	0.23125	0.25
2L	440369	0.4866666666666667	0.24666666666666667	0.26666666666666666
2L	445739	0.4457831325301205	0.3373493975903614	0.21686746987951808
2L	451618	0.5263157894736842	0.18421052631578946	0.2894736842105263
2L	461080	0.5153846153846153	0.25384615384615383	0.23076923076923078
2L	461316	0.44036697247706424	0.26605504587155965	0.29357798165137616
2L	463839	0.4430379746835443	0.26582278481012656	0.2911392405063291
2L	466513	0.54375	0.26875	0.1875
2L	474107	0.43564356435643564	0.3465346534653465	0.21782178217821782
2L	481616	0.5471698113207547	0.27358490566037735	0.1792452830188679
2L	507075	0.5495495495495496	0.22522522522522523	0.22522522522522523
2L	514953	0.48863636363636365	0.25	0.26136363636363635
2L	517278	0.5693430656934306	0.25547445255474455	0.17518248175182483
2L	536149	0.5181818181818182	0.2545454545454545	0.22727272727272727
2L	536903	0.43636363636363634	0.2818181818181818	0.2818181818181818
2L	552046	0.5	0.2714285714285714	0.22857142857142856
2L	552209	0.5056179775280899	0.20224719101123595	0.29213483146067415
2L	560538	0.5578231292517006	0.24489795918367346	0.19727891156462585
2L	567273	0.4090909090909091	0.4090909090909091	0.18181818181818182
2L	567729	0.5208333333333334	0.2708333333333333	0.20833333333333334
2L	569713	0.5360824742268041	0.2268041237113402	0.23711340206185566
2L	569956	0.5727272727272728	0.19090909090909092	0.23636363636363636
2L	574738	0.5508474576271186	0.2033898305084746	0.2457627118644068
2L	593135	0.4728682170542636	0.29457364341085274	0.23255813953488372
2L	598314	0.49645390070921985	0.20567375886524822	0.2978723404255319
2L	615250	0.546583850931677	0.2608695652173913	0.19254658385093168
2L	617058	0.5076923076923077	0.2692307692307692	0.2230769230769231
2L	623642	0.5984848484848485	0.16666666666666666	0.23484848484848486
2L	630129	0.3858267716535433	0.3937007874015748	0.2204724409448819
2L	635695	0.5254237288135594	0.23728813559322035	0.23728813559322035
2L	641016	0.49473684210526314	0.2631578947368421	0.24210526315789474
2L	645119	0.4740740740740741	0.21481481481481482	0.3111111111111111
2L	655433	0.38095238095238093	0.30158730158730157	0.31746031746031744
2L	670925	0.5093167701863354	0.2608695652173913	0.22981366459627328
2L	674632	0.4266666666666667	0.3	0.2733333333333333
2L	683409	0.5982142857142857	0.23214285714285715	0.16964285714285715
2L	685671	0.5076923076923077	0.27692307692307694	0.2153846153846154
2L	685721	0.46153846153846156	0.3230769230769231	0.2153846153846154
2L	704586	0.5671641791044776	0.208955223880597	0.22388059701492538
2L	706147	0.46	0.26	0.28
2L	715064	0.576271186440678	0.15254237288135594	0.2711864406779661
2L	718741	0.54421768707483	0.23809523809523808	0.21768707482993196
2L	723074	0.4596774193548387	0.25806451612903225	0.28225806451612906
2L	724831	0.5319148936170213	0.1702127659574468	0.2978723404255319
2L	728840	0.46226415094339623	0.3584905660377358	0.1792452830188679
2L	730011	0.41333333333333333	0.30666666666666664	0.28
2L	731316	0.5609756097560976	0.21951219512195122	0.21951219512195122
2L	731322	0.5546875	0.234375	0.2109375
2L	742472	0.5416666666666666	0.17708333333333334	0.28125
2L	754205	0.552	0.264	0.184
2L	757980	0.41237113402061853	0.27835051546391754	0.30927835051546393
2L	760517	0.5161290322580645	0.22580645161290322	0.25806451612903225
2L	761859	0.4732824427480916	0.2595419847328244	0.26717557251908397
2L	770177	0.5107913669064749	0.2446043165467626	0.2446043165467626
2L	772687	0.4953271028037383	0.3177570093457944	0.18691588785046728
2L	777767	0.4666666666666667	0.2222222222222222	0.3111111111111111
2L	782234	0.48598130841121495	0.16822429906542055	0.34579439252336447
2L	785782	0.4782608695652174	0.23478260869565218	0.28695652173913044
2L	797846	0.49206349206349204	0.2857142857142857	0.2222222222222222
2L	798930	0.5591397849462365	0.13978494623655913	0.3010752688172043
2L	809173	0.43478260869565216	0.2608695652173913	0.30434782608695654
2L	814643	0.4672131147540984	0.30327868852459017	0.22950819672131148
2L	823280	0.48672566371681414	0.2743362831858407	0.23893805309734514
2L	826848	0.5846153846153846	0.14615384615384616	0.2692307692307692
2L	835302	0.47619047619047616	0.26666666666666666	0.2571428571428571
2L	835671	0.4222222222222222	0.26666666666666666	0.3111111111111111
2L	842651	0.5233644859813084	0.22429906542056074	0.2523364485981308
2L	844012	0.45528455284552843	0.3170731707317073	0.22764227642276422
2L	854323	0.38181818181818183	0.2818181818181818	0.33636363636363636
2L	860460	0.4434782608695652	0.2	0.3565217391304348
2L	862454	0.5327102803738317	0.24299065420560748	0.22429906542056074
2L	875735	0.4752475247524752	0.25742574257425743	0.26732673267326734
2L	879767	0.5217391304347826	0.2391304347826087	0.2391304347826087
2L	881678	0.52	0.232	0.248
2L	885499	0.5597014925373134	0.22388059701492538	0.21641791044776118
2L	886668	0.53125	0.20833333333333334	0.2604166666666667
2L	894585	0.5643564356435643	0.19801980198019803	0.2376237623762376
2L	896133	0.6320754716981132	0.16037735849056603	0.20754716981132076
2L	903146	0.5585585585585585	0.25225225225225223	0.1891891891891892
2L	903175	0.5229357798165137	0.27522935779816515	0.2018348623853211
2L	913853	0.48936170212765956	0.20212765957446807	0.30851063829787234
2L	916240	0.4596774193548387	0.2661290322580645	0.27419354838709675
2L	916895	0.40869565217391307	0.2956521739130435	0.2956521739130435
2L	918430	0.5546218487394958	0.2857142857142857	0.15966386554621848
2L	929966	0.5074626865671642	0.27611940298507465	0.21641791044776118
2L	934800	0.4864864864864865	0.24324324324324326	0.2702702702702703
2L	939359	0.49514563106796117	0.2524271844660194	0.2524271844660194
2L	942312	0.5616438356164384	0.23972602739726026	0.19863013698630136
2L	942411	0.49019607843137253	0.22875816993464052	0.28104575163398693
2L	955563	0.47619047619047616	0.24404761904761904	0.27976190476190477
2L	966414	0.41228070175438597	0.32456140350877194	0.2631578947368421
2L	970599	0.46017699115044247	0.23008849557522124	0.30973451327433627
2L	1017464	0.53	0.2	0.27
2L	1018028	0.49557522123893805	0.24778761061946902	0.25663716814159293
2L	1018482	0.5089285714285714	0.1875	0.30357142857142855
2L	1028420	0.5086206896551724	0.20689655172413793	0.28448275862068967
2L	1037554	0.5225225225225225	0.1891891891891892	0.2882882882882883
2L	1041528	0.5528455284552846	0.1951219512195122	0.25203252032520324
2L	1048348	0.4806201550387597	0.23255813953488372	0.2868217054263566
2L	1050200	0.5522388059701493	0.23134328358208955	0.21641791044776118
2L	1056829	0.5488721804511278	0.12781954887218044	0.3233082706766917
2L	1064018	0.48936170212765956	0.28368794326241137	0.22695035460992907
2L	1069560	0.5190839694656488	0.17557251908396945	0.3053435114503817
2L	1077918	0.5118110236220472	0.1732283464566929	0.31496062992125984
2L	1078975	0.421875	0.2890625	0.2890625
2L	1079300	0.41739130434782606	0.25217391304347825	0.33043478260869563
2L	1079339	0.453125	0.21875	0.328125
2L	1079687	0.45864661654135336	0.24812030075187969	0.2932330827067669
2L	1080717	0.5371900826446281	0.2644628099173554	0.19834710743801653
2L	1081339	0.5555555555555556	0.20202020202020202	0.24242424242424243
2L	1089471	0.5283018867924528	0.20754716981132076	0.2641509433962264
2L	1094059	0.4858757062146893	0.2768361581920904	0.23728813559322035
2L	1100110	0.46825396825396826	0.2619047619047619	0.2698412698412698
2L	1104820	0.53125	0.23958333333333334	0.22916666666666666
2L	1106662	0.45689655172413796	0.33620689655172414	0.20689655172413793
2L	1107022	0.4765625	0.3125	0.2109375
2L	1126496	0.5213675213675214	0.21367521367521367	0.26495726495726496
2L	1145101	0.47863247863247865	0.20512820512820512	0.3162393162393162
2L	1146108	0.4673913043478261	0.2717391304347826	0.2608695652173913
2L	1149547	0.4589041095890411	0.273972602739726	0.2671232876712329
2L	1159164	0.43617021276595747	0.24468085106382978	0.3191489361702128
2L	1162906	0.6119402985074627	0.19402985074626866	0.19402985074626866
2L	1172132	0.375	0.28125	0.34375
2L	1172281	0.4744525547445255	0.20437956204379562	0.32116788321167883
2L	1172683	0.5241935483870968	0.24193548387096775	0.23387096774193547
2L	1174604	0.6	0.225	0.175
2L	1183338	0.5353535353535354	0.24242424242424243	0.2222222222222222
2L	1195508	0.7185185185185186	0.0	0.2814814814814815
2L	1202784	0.5619834710743802	0.2727272727272727	0.1652892561983471
2L	1234379	0.5944055944055944	0.20279720279720279	0.20279720279720279
2L	1240499	0.5769230769230769	0.21153846153846154	0.21153846153846154
2L	1241446	0.6036036036036037	0.17117117117117117	0.22522522522522523
2L	1255492	0.47297297297297297	0.25	0.27702702702702703
2L	1262464	0.45098039215686275	0.22875816993464052	0.3202614379084967
2L	1272974	0.5323741007194245	0.2446043165467626	0.22302158273381295
2L	1275652	0.4859154929577465	0.20422535211267606	0.30985915492957744
2L	1293084	0.46	0.29	0.25
2L	1298203	0.7282608695652174	0.16304347826086957	0.10869565217391304
2L	1300221	0.6	0.1565217391304348	0.24347826086956523
2L	1318249	0.5078125	0.234375	0.2578125
2L	1321645	0.5403225806451613	0.21774193548387097	0.24193548387096775
2L	1329884	0.48854961832061067	0.20610687022900764	0.3053435114503817
2L	1342074	0.4788732394366197	0.21830985915492956	0.3028169014084507
2L	1349670	0.4953271028037383	0.21495327102803738	0.2897196261682243
2L	1349902	0.5752212389380531	0.23893805309734514	0.18584070796460178
2L	1352328	0.43137254901960786	0.23529411764705882	0.3333333333333333
2L	1360387	0.56	0.208	0.232
2L	1361209	0.5369127516778524	0.2483221476510067	0.21476510067114093
2L	1361536	0.5308641975308642	0.22839506172839505	0.24074074074074073
2L	1368489	0.5043478260869565	0.25217391304347825	0.24347826086956523
2L	1397815	0.4788732394366197	0.2323943661971831	0.2887323943661972
2L	1413360	0.528	0.248	0.224
2L	1433177	0.5466666666666666	0.24	0.21333333333333335
2L	1433730	0.49295774647887325	0.3028169014084507	0.20422535211267606
2L	1447965	0.5575221238938053	0.17699115044247787	0.26548672566371684
2L	1492307	0.4375	0.26785714285714285	0.29464285714285715
2L	1492757	0.4838709677419355	0.27956989247311825	0.23655913978494625
2L	1511580	0.5803571428571429	0.22321428571428573	0.19642857142857142
2L	1514864	0.5220588235294118	0.21323529411764705	0.2647058823529412
2L	1520987	0.46938775510204084	0.272108843537415	0.2585034013605442
2L	1524354	0.487012987012987	0.21428571428571427	0.2987012987012987
2L	1525156	0.5289256198347108	0.2066115702479339	0.2644628099173554
2L	1527484	0.416	0.256	0.328
2L	1534968	0.47540983606557374	0.23497267759562843	0.2896174863387978
2L	1542588	0.4382716049382716	0.2962962962962963	0.2654320987654321
2L	1546625	0.5503355704697986	0.2348993288590604	0.21476510067114093
2L	1567308	0.45454545454545453	0.25	0.29545454545454547
2L	1573920	0.5	0.25	0.25
2L	1577226	0.5161290322580645	0.25806451612903225	0.22580645161290322
2L	1593077	0.5968992248062015	0.20930232558139536	0.1937984496124031
2L	1596677	0.5196850393700787	0.1968503937007874	0.28346456692913385
2L	1612111	0.556390977443609	0.24812030075187969	0.19548872180451127
2L	1613278	0.5094339622641509	0.22641509433962265	0.2641509433962264
2L	1615531	0.5423728813559322	0.16101694915254236	0.2966101694915254
2L	1623020	0.5714285714285714	0.23529411764705882	0.19327731092436976
2L	1627784	0.4900662251655629	0.25165562913907286	0.2582781456953642
2L	1638585	0.45081967213114754	0.26229508196721313	0.28688524590163933
2L	1638894	0.5874125874125874	0.18181818181818182	0.23076923076923078
2L	1650128	0.5454545454545454	0.1652892561983471	0.2892561983471074
2L	1675651	0.5	0.3148148148148148	0.18518518518518517
2L	1705579	0.4690265486725664	0.3274336283185841	0.20353982300884957
2L	1706014	0.41	0.34	0.25
2L	1706991	0.5477707006369427	0.19745222929936307	0.25477707006369427
2L	1708275	0.453781512605042	0.24369747899159663	0.3025210084033613
2L	1729026	0.48091603053435117	0.25190839694656486	0.26717557251908397
2L	1729952	0.5625	0.20535714285714285	0.23214285714285715
2L	1745330	0.5663716814159292	0.18584070796460178	0.24778761061946902
2L	1745354	0.5181818181818182	0.2	0.2818181818181818
2L	1746787	0.46853146853146854	0.24475524475524477	0.2867132867132867
2L	1751132	0.4452054794520548	0.2876712328767123	0.2671232876712329
2L	1751396	0.6036036036036037	0.13513513513513514	0.26126126126126126
2L	1759031	0.546875	0.21875	0.234375
2L	1782870	0.47435897435897434	0.28205128205128205	0.24358974358974358
2L	1789853	0.4930555555555556	0.2708333333333333	0.2361111111111111
2L	1789996	0.44242424242424244	0.2909090909090909	0.26666666666666666
2L	1821099	0.5773195876288659	0.17525773195876287	0.24742268041237114
2L	1822814	0.5583333333333333	0.2	0.24166666666666667
2L	1823536	0.5165562913907285	0.19205298013245034	0.2913907284768212
2L	1827268	0.5398773006134969	0.22085889570552147	0.2392638036809816
2L	1841175	0.5221238938053098	0.2743362831858407	0.20353982300884957
2L	1846212	0.44881889763779526	0.2283464566929134	0.3228346456692913
2L	1850405	0.496551724137931	0.2413793103448276	0.2620689655172414
2L	1854649	0.5333333333333333	0.2	0.26666666666666666
2L	1860518	0.48226950354609927	0.28368794326241137	0.23404255319148937
2L	1881971	0.5655172413793104	0.1724137931034483	0.2620689655172414
2L	1887302	0.5046728971962616	0.27102803738317754	0.22429906542056074
2L	1887492	0.5774647887323944	0.2112676056338028	0.2112676056338028
2L	1892499	0.5026737967914439	0.22994652406417113	0.26737967914438504
2L	1904414	0.313953488372093	0.5	0.18604651162790697
2L	1909090	0.48201438848920863	0.26618705035971224	0.2517985611510791
2L	1910913	0.4887640449438202	0.25280898876404495	0.25842696629213485
2L	1915629	0.5267175572519084	0.26717557251908397	0.20610687022900764
2L	1921002	0.5214285714285715	0.30714285714285716	0.17142857142857143
2L	1921832	0.5165562913907285	0.23841059602649006	0.24503311258278146
2L	1934508	0.4883720930232558	0.20930232558139536	0.3023255813953488
2L	1939991	0.49193548387096775	0.25806451612903225	0.25
2L	1940822	0.5283018867924528	0.29559748427672955	0.1761006289308176
2L	1951662	0.5660377358490566	0.19811320754716982	0.2358490566037736
2L	1952103	0.46153846153846156	0.24358974358974358	0.2948717948717949
2L	1952607	0.44329896907216493	0.2268041237113402	0.32989690721649484
2L	1964216	0.5514018691588785	0.19626168224299065	0.2523364485981308
2L	1968174	0.46825396825396826	0.2857142857142857	0.24603174603174602
2L	1988265	0.5433070866141733	0.2204724409448819	0.23622047244094488
2L	1996105	0.39316239316239315	0.39316239316239315	0.19658119658119658
2L	1997255	0.49404761904761907	0.19642857142857142	0.30952380952380953
2L	1998323	0.4954954954954955	0.2882882882882883	0.21621621621621623
2L	1998548	0.543859649122807	0.16666666666666666	0.2894736842105263
2L	2004002	0.5419354838709678	0.24516129032258063	0.2129032258064516
2L	2008117	0.39215686274509803	0.24836601307189543	0.35947712418300654
2L	2027796	0.4731182795698925	0.23655913978494625	0.2903225806451613
2L	2028866	0.4842105263157895	0.2736842105263158	0.24210526315789474
2L	2037618	0.547945205479452	0.2054794520547945	0.2465753424657534
2L	2038112	0.5353535353535354	0.21212121212121213	0.25252525252525254
2L	2054323	0.5390625	0.203125	0.2578125
2L	2057276	0.5277777777777778	0.2962962962962963	0.17592592592592593
2L	2057952	0.48623853211009177	0.27522935779816515	0.23853211009174313
2L	2058594	0.5	0.2867647058823529	0.21323529411764705
2L	2066157	0.5142857142857142	0.2642857142857143	0.22142857142857142
2L	2075059	0.19834710743801653	0.24793388429752067	0.5537190082644629
2L	2083183	0.5365853658536586	0.2926829268292683	0.17073170731707318
2L	2084287	0.5433070866141733	0.23622047244094488	0.2204724409448819
2L	2089373	0.47244094488188976	0.25984251968503935	0.2677165354330709
2L	2092897	0.4140625	0.34375	0.2421875
2L	2098877	0.4896551724137931	0.2482758620689655	0.2620689655172414
2L	2126489	0.44329896907216493	0.30927835051546393	0.24742268041237114
2L	2138446	0.5031055900621118	0.2919254658385093	0.20496894409937888
2L	2147688	0.5040650406504065	0.22764227642276422	0.2682926829268293
2L	2153911	0.48120300751879697	0.2706766917293233	0.24812030075187969
2L	2161174	0.291044776119403	0.417910447761194	0.291044776119403
2L	2171225	0.19653179190751446	0.5317919075144508	0.27167630057803466
2L	2173856	0.4852941176470588	0.2426470588235294	0.27205882352941174
2L	2176800	0.46107784431137727	0.2994011976047904	0.23952095808383234
2L	2177812	0.5269461077844312	0.19161676646706588	0.281437125748503
2L	2180147	0.5433070866141733	0.23622047244094488	0.2204724409448819
2L	2180189	0.5666666666666667	0.16666666666666666	0.26666666666666666
2L	2186956	0.24	0.39	0.37
2L	2194829	0.5081967213114754	0.1885245901639344	0.30327868852459017
2L	2197444	0.5822784810126582	0.22784810126582278	0.189873417721519
2L	2200153	0.48739495798319327	0.21008403361344538	0.3025210084033613
2L	2200306	0.4789915966386555	0.33613445378151263	0.18487394957983194
2L	2206919	0.3632075471698113	0.2971698113207547	0.33962264150943394
2L	2207747	0.3225806451612903	0.3333333333333333	0.34408602150537637
2L	2207970	0.4269005847953216	0.4093567251461988	0.16374269005847952
2L	2210915	0.543859649122807	0.19298245614035087	0.2631578947368421
2L	2219797	0.5420560747663551	0.2803738317757009	0.17757009345794392
2L	2226853	0.4744525547445255	0.26277372262773724	0.26277372262773724
2L	2228502	0.4620253164556962	0.2848101265822785	0.25316455696202533
2L	2236726	0.5533980582524272	0.1553398058252427	0.2912621359223301
2L	2239024	0.5673076923076923	0.22115384615384615	0.21153846153846154
2L	2239505	0.49635036496350365	0.21897810218978103	0.2846715328467153
2L	2240092	0.5454545454545454	0.18181818181818182	0.2727272727272727
2L	2241620	0.5213675213675214	0.28205128205128205	0.19658119658119658
2L	2248517	0.49206349206349204	0.24603174603174602	0.2619047619047619
2L	2249461	0.4807692307692308	0.26282051282051283	0.2564102564102564
2L	2259466	0.5347222222222222	0.2777777777777778	0.1875
2L	2267122	0.5634920634920635	0.25396825396825395	0.18253968253968253
2L	2268860	0.49242424242424243	0.1590909090909091	0.3484848484848485
2L	2268881	0.5227272727272727	0.16666666666666666	0.3106060606060606
2L	2274278	0.5121951219512195	0.25	0.23780487804878048
2L	2278625	0.46715328467153283	0.24817518248175183	0.2846715328467153
2L	2287309	0.4744525547445255	0.24817518248175183	0.2773722627737226
2L	2300408	0.5531914893617021	0.22695035460992907	0.2198581560283688
2L	2319104	0.5384615384615384	0.23076923076923078	0.23076923076923078
2L	2324281	0.5673076923076923	0.2403846153846154	0.19230769230769232
2L	2325047	0.5661764705882353	0.19852941176470587	0.23529411764705882
2L	2325628	0.47019867549668876	0.2582781456953642	0.271523178807947
2L	2333124	0.6076923076923076	0.13076923076923078	0.26153846153846155
2L	2339870	0.5391304347826087	0.20869565217391303	0.25217391304347825
2L	2340269	0.5666666666666667	0.18888888888888888	0.24444444444444444
2L	2341121	0.5555555555555556	0.19444444444444445	0.25
2L	2343086	0.47468354430379744	0.25316455696202533	0.2721518987341772
2L	2344569	0.5081967213114754	0.2540983606557377	0.23770491803278687
2L	2344752	0.49635036496350365	0.291970802919708	0.2116788321167883
2L	2346359	0.4661016949152542	0.2966101694915254	0.23728813559322035
2L	2348065	0.5070422535211268	0.2605633802816901	0.2323943661971831
2L	2349172	0.5394736842105263	0.21710526315789475	0.24342105263157895
2L	2349642	0.5224719101123596	0.19662921348314608	0.2808988764044944
2L	2354001	0.603448275862069	0.14655172413793102	0.25
2L	2354623	0.40404040404040403	0.26262626262626265	0.3333333333333333
2L	2354785	0.42857142857142855	0.2857142857142857	0.2857142857142857
2L	2359582	0.44751381215469616	0.23756906077348067	0.3149171270718232
2L	2362580	0.46153846153846156	0.1978021978021978	0.34065934065934067
2L	2364726	0.4090909090909091	0.32727272727272727	0.2636363636363636
2L	2366617	0.4251968503937008	0.28346456692913385	0.29133858267716534
2L	2370756	0.39361702127659576	0.30851063829787234	0.2978723404255319
2L	2372676	0.49606299212598426	0.2677165354330709	0.23622047244094488
2L	2381501	0.5175438596491229	0.23684210526315788	0.24561403508771928
2L	2384754	0.5481927710843374	0.1927710843373494	0.25903614457831325
2L	2388944	0.49700598802395207	0.2275449101796407	0.2754491017964072
2L	2394722	0.6060606060606061	0.1919191919191919	0.20202020202020202
2L	2394900	0.5	0.20689655172413793	0.29310344827586204
2L	2402277	0.49612403100775193	0.2713178294573643	0.23255813953488372
2L	2404350	0.5547445255474452	0.22627737226277372	0.21897810218978103
2L	2406350	0.44660194174757284	0.24271844660194175	0.44660194174757284
2L	2406821	0.5247524752475248	0.18811881188118812	0.2871287128712871
2L	2408906	0.5023923444976076	0.5023923444976076	0.28708133971291866
2L	2419611	0.5547445255474452	0.22627737226277372	0.21897810218978103
2L	2421015	0.5104166666666666	0.25	0.23958333333333334
2L	2421174	0.5714285714285714	0.19642857142857142	0.23214285714285715
2L	2422769	0.5212121212121212	0.2727272727272727	0.20606060606060606
2L	2432290	0.5797101449275363	0.2536231884057971	0.16666666666666666
2L	2439179	0.6030534351145038	0.13740458015267176	0.2595419847328244
2L	2447119	0.5303030303030303	0.23484848484848486	0.23484848484848486
2L	2449713	0.4596774193548387	0.2903225806451613	0.25
2L	2455947	0.6111111111111112	0.20833333333333334	0.18055555555555555
2L	2457634	0.4666666666666667	0.3	0.23333333333333334
2L	2460853	0.4503311258278146	0.2847682119205298	0.26490066225165565
2L	2461186	0.5069444444444444	0.2777777777777778	0.2152777777777778
2L	2471584	0.5308641975308642	0.24691358024691357	0.2222222222222222
2L	2475275	0.487012987012987	0.22727272727272727	0.2857142857142857
2L	2477704	0.4396551724137931	0.2672413793103448	0.29310344827586204
2L	2487140	0.5321100917431193	0.2018348623853211	0.26605504587155965
2L	2489915	0.5391304347826087	0.30434782608695654	0.1565217391304348
2L	2504967	0.20588235294117646	0.17647058823529413	0.6176470588235294
2L	2518708	0.5379310344827586	0.18620689655172415	0.27586206896551724
2L	2519406	0.5081967213114754	0.27049180327868855	0.22131147540983606
2L	2522562	0.46601941747572817	0.2524271844660194	0.2815533980582524
2L	2522778	0.5370370370370371	0.24074074074074073	0.2222222222222222
2L	2523463	0.4375	0.3125	0.25
2L	2526093	0.4774193548387097	0.2129032258064516	0.3096774193548387
2L	2534389	0.503448275862069	0.25517241379310346	0.2413793103448276
2L	2536915	0.5145631067961165	0.22330097087378642	0.2621359223300971
2L	2537178	0.4144144144144144	0.34234234234234234	0.24324324324324326
2L	2537744	0.48905109489051096	0.48905109489051096	0.22627737226277372
2L	2541375	0.5433526011560693	0.2254335260115607	0.23121387283236994
2L	2541389	0.5454545454545454	0.23295454545454544	0.2215909090909091
2L	2542758	0.6078431372549019	0.20588235294117646	0.18627450980392157
2L	2583193	0.4672897196261682	0.21495327102803738	0.3177570093457944
2L	2592431	0.47794117647058826	0.3382352941176471	0.18382352941176472
2L	2602830	0.4636363636363636	0.2636363636363636	0.2727272727272727
2L	2622818	0.4294478527607362	0.26380368098159507	0.3067484662576687
2L	2623347	0.4645161290322581	0.25806451612903225	0.27741935483870966
2L	2646902	0.6229508196721312	0.18032786885245902	0.19672131147540983
2L	2647511	0.488	0.336	0.176
2L	2651778	0.5511811023622047	0.25984251968503935	0.1889763779527559
2L	2654256	0.5244755244755245	0.25874125874125875	0.21678321678321677
2L	2654505	0.48120300751879697	0.24812030075187969	0.2706766917293233
2L	2656258	0.53125	0.1953125	0.53125
2L	2686828	0.5603448275862069	0.27586206896551724	0.16379310344827586
2L	2687181	0.5	0.23880597014925373	0.26119402985074625
2L	2689405	0.5801526717557252	0.22900763358778625	0.19083969465648856
2L	2693125	0.554140127388535	0.21656050955414013	0.22929936305732485
2L	2693441	0.6017699115044248	0.20353982300884957	0.19469026548672566
2L	2706526	0.5428571428571428	0.2571428571428571	0.2
2L	2710949	0.5833333333333334	0.24166666666666667	0.175
2L	2731527	0.6055045871559633	0.22935779816513763	0.1651376146788991
2L	2734727	0.4557823129251701	0.30612244897959184	0.23809523809523808
2L	2743731	0.5225225225225225	0.2072072072072072	0.2702702702702703
2L	2745600	0.5	0.27692307692307694	0.2230769230769231
2L	2751477	0.48031496062992124	0.2992125984251969	0.2204724409448819
2L	2752854	0.5423728813559322	0.2627118644067797	0.19491525423728814
2L	2760918	0.5714285714285714	0.20168067226890757	0.226890756302521
2L	2764678	0.5274725274725275	0.2087912087912088	0.26373626373626374
2L	2765202	0.44881889763779526	0.2677165354330709	0.28346456692913385
2L	2765300	0.424	0.328	0.248
2L	2768996	0.46464646464646464	0.26262626262626265	0.2727272727272727
2L	2769299	0.56	0.2	0.24
2L	2770525	0.5161290322580645	0.25	0.23387096774193547
2L	2780237	0.5028571428571429	0.26857142857142857	0.22857142857142856
2L	2782944	0.5962732919254659	0.2111801242236025	0.19254658385093168
2L	2783843	0.46923076923076923	0.26153846153846155	0.2692307692307692
2L	2792243	0.5344827586206896	0.2413793103448276	0.22413793103448276
2L	2801272	0.4420289855072464	0.2608695652173913	0.2971014492753623
2L	2801899	0.5138888888888888	0.2569444444444444	0.22916666666666666
2L	2802044	0.44	0.264	0.296
2L	2804003	0.5027624309392266	0.2430939226519337	0.2541436464088398
2L	2804868	0.5416666666666666	0.19791666666666666	0.2604166666666667
2L	2809940	0.4024390243902439	0.2682926829268293	0.32926829268292684
2L	2812765	0.494949494949495	0.15151515151515152	0.35353535353535354
2L	2813656	0.4270833333333333	0.21875	0.3541666666666667
2L	2816249	0.45323741007194246	0.31654676258992803	0.2302158273381295
2L	2817804	0.5688073394495413	0.1743119266055046	0.25688073394495414
2L	2818287	0.5433070866141733	0.2125984251968504	0.2440944881889764
2L	2818509	0.5294117647058824	0.20168067226890757	0.2689075630252101
2L	2824208	0.5462184873949579	0.23529411764705882	0.2184873949579832
2L	2824547	0.4765625	0.1875	0.3359375
2L	2825712	0.5818181818181818	0.20606060606060606	0.21212121212121213
2L	2830696	0.40625	0.2875	0.30625
2L	2839111	0.5178571428571429	0.2767857142857143	0.20535714285714285
2L	2842955	0.556390977443609	0.18796992481203006	0.2556390977443609
2L	2846949	0.5579710144927537	0.2318840579710145	0.21014492753623187
2L	2846962	0.5401459854014599	0.24817518248175183	0.2116788321167883
2L	2848105	0.5038759689922481	0.24806201550387597	0.24806201550387597
2L	2849810	0.4657534246575342	0.2602739726027397	0.273972602739726
2L	2850804	0.7887323943661971	0.20187793427230047	0.009389671361502348
2L	2860761	0.47701149425287354	0.23563218390804597	0.28735632183908044
2L	2868900	0.4936708860759494	0.27848101265822783	0.22784810126582278
2L	2879842	0.375	0.3181818181818182	0.3068181818181818
2L	2879939	0.5887850467289719	0.1308411214953271	0.2803738317757009
2L	2883058	0.4782608695652174	0.2981366459627329	0.2236024844720497
2L	2885367	0.593103448275862	0.18620689655172415	0.2206896551724138
2L	2889504	0.5088757396449705	0.26627218934911245	0.22485207100591717
2L	2910051	0.5120481927710844	0.18674698795180722	0.30120481927710846
2L	2912874	0.6068965517241379	0.2	0.19310344827586207
2L	2931395	0.5394736842105263	0.17105263157894737	0.2894736842105263
2L	2936256	0.4899328859060403	0.26174496644295303	0.2483221476510067
2L	2938213	0.48951048951048953	0.26573426573426573	0.24475524475524477
2L	2950674	0.4588235294117647	0.24705882352941178	0.29411764705882354
2L	2971626	0.5221238938053098	0.22123893805309736	0.25663716814159293
2L	2971692	0.44954128440366975	0.26605504587155965	0.28440366972477066
2L	2974786	0.5503355704697986	0.2080536912751678	0.24161073825503357
2L	2977574	0.5042735042735043	0.20512820512820512	0.2905982905982906
2L	2980120	0.4953271028037383	0.2523364485981308	0.2523364485981308
2L	2981478	0.5	0.19230769230769232	0.3076923076923077
2L	2984885	0.5039370078740157	0.2440944881889764	0.25196850393700787
2L	2985438	0.44881889763779526	0.1889763779527559	0.36220472440944884
2L	2999382	0.5038759689922481	0.29457364341085274	0.20155038759689922
2L	3001120	0.4666666666666667	0.3111111111111111	0.2222222222222222
2L	3008855	0.5555555555555556	0.2698412698412698	0.1746031746031746
2L	3017318	0.4429530201342282	0.28187919463087246	0.2751677852348993
2L	3018234	0.5436241610738255	0.18120805369127516	0.2751677852348993
2L	3034426	0.49122807017543857	0.2631578947368421	0.24561403508771928
2L	3035213	0.47863247863247865	0.27350427350427353	0.24786324786324787
2L	3048169	0.5511811023622047	0.28346456692913385	0.16535433070866143
2L	3052409	0.631578947368421	0.15789473684210525	0.21052631578947367
2L	3064728	0.4956521739130435	0.25217391304347825	0.25217391304347825
2L	3070386	0.5811965811965812	0.21367521367521367	0.20512820512820512
2L	3072822	0.5675675675675675	0.18018018018018017	0.25225225225225223
2L	3081922	0.44155844155844154	0.2987012987012987	0.2597402597402597
2L	3082392	0.4552238805970149	0.23880597014925373	0.30597014925373134
2L	3100866	0.5467625899280576	0.19424460431654678	0.2589928057553957
2L	3108443	0.4657534246575342	0.2945205479452055	0.23972602739726026
2L	3110313	0.6363636363636364	0.15702479338842976	0.2066115702479339
2L	3113544	0.475	0.265	0.26
2L	3117743	0.4936708860759494	0.25316455696202533	0.25316455696202533
2L	3121737	0.4678362573099415	0.2807017543859649	0.25146198830409355
2L	3125232	0.46153846153846156	0.27884615384615385	0.25961538461538464
2L	3132792	0.6037735849056604	0.20754716981132076	0.18867924528301888
2L	3139212	0.4437869822485207	0.33727810650887574	0.21893491124260356
2L	3143066	0.5072463768115942	0.2753623188405797	0.21739130434782608
2L	3143946	0.5299145299145299	0.3076923076923077	0.1623931623931624
2L	3148552	0.4830508474576271	0.2288135593220339	0.288135593220339
2L	3153250	0.4727272727272727	0.35454545454545455	0.17272727272727273
2L	3154576	0.49375	0.2375	0.26875
2L	3158273	0.5833333333333334	0.1875	0.22916666666666666
2L	3158973	0.5454545454545454	0.23484848484848486	0.2196969696969697
2L	3160741	0.5586206896551724	0.2620689655172414	0.1793103448275862
2L	3160924	0.5377358490566038	0.12264150943396226	0.33962264150943394
2L	3160990	0.49523809523809526	0.1523809523809524	0.3523809523809524
2L	3166955	0.46405228758169936	0.2679738562091503	0.2679738562091503
2L	3170340	0.5596330275229358	0.22935779816513763	0.21100917431192662
2L	3176485	0.4180327868852459	0.30327868852459017	0.2786885245901639
2L	3184104	0.46496815286624205	0.2484076433121019	0.28662420382165604
2L	3195457	0.5384615384615384	0.20512820512820512	0.2564102564102564
2L	3199511	0.48760330578512395	0.256198347107438	0.256198347107438
2L	3211554	0.5225806451612903	0.25161290322580643	0.22580645161290322
2L	3228778	0.47058823529411764	0.2679738562091503	0.26143790849673204
2L	3240001	0.4632352941176471	0.25735294117647056	0.27941176470588236
2L	3241333	0.5027322404371585	0.29508196721311475	0.20218579234972678
2L	3248519	0.46825396825396826	0.25396825396825395	0.2777777777777778
2L	3248704	0.5203252032520326	0.2764227642276423	0.2032520325203252
2L	3259739	0.5197368421052632	0.2565789473684211	0.2236842105263158
2L	3266879	0.507177033492823	0.23444976076555024	0.2583732057416268
2L	3278447	0.580952380952381	0.1619047619047619	0.2571428571428571
2L	3282496	0.5111111111111111	0.26666666666666666	0.2222222222222222
2L	3285204	0.4589041095890411	0.2534246575342466	0.2876712328767123
2L	3286640	0.5306122448979592	0.21768707482993196	0.25170068027210885
2L	3288252	0.5686274509803921	0.17647058823529413	0.2549019607843137
2L	3292029	0.47692307692307695	0.3	0.2230769230769231
2L	3296040	0.48	0.23333333333333334	0.2866666666666667
2L	3297438	0.53125	0.2625	0.20625
2L	3298816	0.5328947368421053	0.23684210526315788	0.23026315789473684
2L	3300951	0.5460526315789473	0.19736842105263158	0.2565789473684211
2L	3316738	0.5851851851851851	0.2222222222222222	0.1925925925925926
2L	3323492	0.46511627906976744	0.20930232558139536	0.32558139534883723
2L	3325994	0.603448275862069	0.1724137931034483	0.22413793103448276
2L	3330354	0.5660377358490566	0.2641509433962264	0.16981132075471697
2L	3336600	0.5904761904761905	0.18095238095238095	0.22857142857142856
2L	3344285	0.564625850340136	0.1836734693877551	0.25170068027210885
2L	3348993	0.5433070866141733	0.25984251968503935	0.1968503937007874
2L	3356006	0.4825174825174825	0.2727272727272727	0.24475524475524477
2L	3359800	0.4742857142857143	0.28	0.24571428571428572
2L	3363916	0.5223880597014925	0.19402985074626866	0.2835820895522388
2L	3364015	0.512	0.296	0.192
2L	3364027	0.5128205128205128	0.2905982905982906	0.19658119658119658
2L	3366250	0.41228070175438597	0.30701754385964913	0.2807017543859649
2L	3369098	0.47863247863247865	0.2564102564102564	0.26495726495726496
2L	3370816	0.5669291338582677	0.2204724409448819	0.2125984251968504
2L	3373664	0.48863636363636365	0.2727272727272727	0.23863636363636365
2L	3382279	0.5526315789473685	0.23026315789473684	0.21710526315789475
2L	3384902	0.4925373134328358	0.2835820895522388	0.22388059701492538
2L	3395345	0.5038167938931297	0.2824427480916031	0.21374045801526717
2L	3397250	0.5384615384615384	0.21678321678321677	0.24475524475524477
2L	3400215	0.5	0.3283582089552239	0.17164179104477612
2L	3405411	0.4782608695652174	0.2919254658385093	0.22981366459627328
2L	3407062	0.4732142857142857	0.30357142857142855	0.22321428571428573
2L	3407379	0.5238095238095238	0.20634920634920634	0.2698412698412698
2L	3407546	0.5377358490566038	0.22641509433962265	0.2358490566037736
2L	3408304	0.4657534246575342	0.2945205479452055	0.4657534246575342
2L	3410700	0.5116279069767442	0.2616279069767442	0.22674418604651161
2L	3427896	0.2589928057553957	0.4748201438848921	0.26618705035971224
2L	3429884	0.5357142857142857	0.2642857142857143	0.2
2L	3432387	0.48175182481751827	0.30656934306569344	0.2116788321167883
2L	3432578	0.5066666666666667	0.26666666666666666	0.22666666666666666
2L	3439833	0.5107913669064749	0.2589928057553957	0.2302158273381295
2L	3442424	0.5263157894736842	0.2631578947368421	0.21052631578947367
2L	3443578	0.5294117647058824	0.20588235294117646	0.2647058823529412
2L	3444567	0.503448275862069	0.2689655172413793	0.22758620689655173
2L	3447827	0.49557522123893805	0.24778761061946902	0.25663716814159293
2L	3450298	0.6526315789473685	0.2	0.14736842105263157
2L	3451278	0.42592592592592593	0.26851851851851855	0.3055555555555556
2L	3473316	0.4965034965034965	0.24475524475524477	0.25874125874125875
2L	3474462	0.4387755102040816	0.24489795918367346	0.3163265306122449
2L	3481803	0.49514563106796117	0.21359223300970873	0.2912621359223301
2L	3497431	0.5407407407407407	0.22962962962962963	0.22962962962962963
2L	3502930	0.5	0.23214285714285715	0.26785714285714285
2L	3507001	0.5914634146341463	0.18292682926829268	0.22560975609756098
2L	3510838	0.41935483870967744	0.3032258064516129	0.27741935483870966
2L	3511781	0.5255474452554745	0.2773722627737226	0.19708029197080293
2L	3515109	0.48936170212765956	0.2907801418439716	0.2198581560283688
2L	3518672	0.4626865671641791	0.34328358208955223	0.19402985074626866
2L	3518882	0.43478260869565216	0.391304347826087	0.17391304347826086
2L	3521206	0.49166666666666664	0.23333333333333334	0.275
2L	3522585	0.49612403100775193	0.2558139534883721	0.24806201550387597
2L	3527111	0.5882352941176471	0.21323529411764705	0.19852941176470587
2L	3531250	0.49166666666666664	0.18333333333333332	0.325
2L	3531427	0.5118110236220472	0.2047244094488189	0.28346456692913385
2L	3531994	0.5271317829457365	0.18604651162790697	0.2868217054263566
2L	3535213	0.5255474452554745	0.22627737226277372	0.24817518248175183
2L	3536442	0.46511627906976744	0.2868217054263566	0.24806201550387597
2L	3538144	0.43670886075949367	0.2468354430379747	0.31645569620253167
2L	3540521	0.6079545454545454	0.23295454545454544	0.1590909090909091
2L	3541080	0.56875	0.20625	0.225
2L	3549560	0.5245901639344263	0.22950819672131148	0.2459016393442623
2L	3550855	0.5290322580645161	0.25806451612903225	0.2129032258064516
2L	3555760	0.5789473684210527	0.20175438596491227	0.21929824561403508
